rank	rep_index	distance	tree_path
0	183	448.331351	out/runs/run_20260204_131140/24/rep_183/rep_183.treefile
1	110	463.776886	out/runs/run_20260204_131140/24/rep_110/rep_110.treefile
2	167	610.118021	out/runs/run_20260204_131140/24/rep_167/rep_167.treefile
3	120	655.778164	out/runs/run_20260204_131140/24/rep_120/rep_120.treefile
4	9	666.441295	out/runs/run_20260204_131140/24/rep_9/rep_9.treefile
5	53	670.836046	out/runs/run_20260204_131140/24/rep_53/rep_53.treefile
6	139	709.424415	out/runs/run_20260204_131140/24/rep_139/rep_139.treefile
7	33	713.421334	out/runs/run_20260204_131140/24/rep_33/rep_33.treefile
8	23	718.448328	out/runs/run_20260204_131140/24/rep_23/rep_23.treefile
9	45	792.125621	out/runs/run_20260204_131140/24/rep_45/rep_45.treefile
10	148	801.510449	out/runs/run_20260204_131140/24/rep_148/rep_148.treefile
11	38	824.940604	out/runs/run_20260204_131140/24/rep_38/rep_38.treefile
12	104	827.682910	out/runs/run_20260204_131140/24/rep_104/rep_104.treefile
13	63	840.158914	out/runs/run_20260204_131140/24/rep_63/rep_63.treefile
14	122	849.045935	out/runs/run_20260204_131140/24/rep_122/rep_122.treefile
15	16	881.679647	out/runs/run_20260204_131140/24/rep_16/rep_16.treefile
16	187	885.463720	out/runs/run_20260204_131140/24/rep_187/rep_187.treefile
17	15	894.224245	out/runs/run_20260204_131140/24/rep_15/rep_15.treefile
18	189	896.386635	out/runs/run_20260204_131140/24/rep_189/rep_189.treefile
19	196	912.562875	out/runs/run_20260204_131140/24/rep_196/rep_196.treefile
20	17	965.111393	out/runs/run_20260204_131140/24/rep_17/rep_17.treefile
21	13	967.539146	out/runs/run_20260204_131140/24/rep_13/rep_13.treefile
22	112	981.381170	out/runs/run_20260204_131140/24/rep_112/rep_112.treefile
23	26	1007.582255	out/runs/run_20260204_131140/24/rep_26/rep_26.treefile
24	28	1044.830608	out/runs/run_20260204_131140/24/rep_28/rep_28.treefile
25	51	1046.146739	out/runs/run_20260204_131140/24/rep_51/rep_51.treefile
26	72	1059.329033	out/runs/run_20260204_131140/24/rep_72/rep_72.treefile
27	21	1092.115836	out/runs/run_20260204_131140/24/rep_21/rep_21.treefile
28	103	1104.919002	out/runs/run_20260204_131140/24/rep_103/rep_103.treefile
29	194	1118.055008	out/runs/run_20260204_131140/24/rep_194/rep_194.treefile
30	182	1152.778817	out/runs/run_20260204_131140/24/rep_182/rep_182.treefile
31	66	1174.143092	out/runs/run_20260204_131140/24/rep_66/rep_66.treefile
32	132	1176.281004	out/runs/run_20260204_131140/24/rep_132/rep_132.treefile
33	184	1197.173755	out/runs/run_20260204_131140/24/rep_184/rep_184.treefile
34	32	1199.919997	out/runs/run_20260204_131140/24/rep_32/rep_32.treefile
35	170	1207.398857	out/runs/run_20260204_131140/24/rep_170/rep_170.treefile
36	151	1210.726228	out/runs/run_20260204_131140/24/rep_151/rep_151.treefile
37	175	1215.587101	out/runs/run_20260204_131140/24/rep_175/rep_175.treefile
38	98	1226.946209	out/runs/run_20260204_131140/24/rep_98/rep_98.treefile
39	106	1236.523352	out/runs/run_20260204_131140/24/rep_106/rep_106.treefile
40	50	1251.823869	out/runs/run_20260204_131140/24/rep_50/rep_50.treefile
41	197	1281.969578	out/runs/run_20260204_131140/24/rep_197/rep_197.treefile
42	56	1283.724269	out/runs/run_20260204_131140/24/rep_56/rep_56.treefile
43	133	1297.138003	out/runs/run_20260204_131140/24/rep_133/rep_133.treefile
44	2	1302.998081	out/runs/run_20260204_131140/24/rep_2/rep_2.treefile
45	138	1322.160353	out/runs/run_20260204_131140/24/rep_138/rep_138.treefile
46	125	1325.484440	out/runs/run_20260204_131140/24/rep_125/rep_125.treefile
47	97	1326.557198	out/runs/run_20260204_131140/24/rep_97/rep_97.treefile
48	123	1363.667115	out/runs/run_20260204_131140/24/rep_123/rep_123.treefile
49	79	1388.589932	out/runs/run_20260204_131140/24/rep_79/rep_79.treefile
50	3	1402.272085	out/runs/run_20260204_131140/24/rep_3/rep_3.treefile
51	171	1403.331750	out/runs/run_20260204_131140/24/rep_171/rep_171.treefile
52	96	1404.986121	out/runs/run_20260204_131140/24/rep_96/rep_96.treefile
53	130	1420.336228	out/runs/run_20260204_131140/24/rep_130/rep_130.treefile
54	25	1427.965686	out/runs/run_20260204_131140/24/rep_25/rep_25.treefile
55	7	1428.240176	out/runs/run_20260204_131140/24/rep_7/rep_7.treefile
56	195	1476.576446	out/runs/run_20260204_131140/24/rep_195/rep_195.treefile
57	116	1507.191096	out/runs/run_20260204_131140/24/rep_116/rep_116.treefile
58	145	1509.488324	out/runs/run_20260204_131140/24/rep_145/rep_145.treefile
59	186	1513.127886	out/runs/run_20260204_131140/24/rep_186/rep_186.treefile
60	185	1515.159398	out/runs/run_20260204_131140/24/rep_185/rep_185.treefile
61	22	1522.539655	out/runs/run_20260204_131140/24/rep_22/rep_22.treefile
62	80	1525.573663	out/runs/run_20260204_131140/24/rep_80/rep_80.treefile
63	126	1538.451819	out/runs/run_20260204_131140/24/rep_126/rep_126.treefile
64	61	1558.329234	out/runs/run_20260204_131140/24/rep_61/rep_61.treefile
65	41	1559.640664	out/runs/run_20260204_131140/24/rep_41/rep_41.treefile
66	73	1578.149866	out/runs/run_20260204_131140/24/rep_73/rep_73.treefile
67	115	1583.553599	out/runs/run_20260204_131140/24/rep_115/rep_115.treefile
68	92	1630.697703	out/runs/run_20260204_131140/24/rep_92/rep_92.treefile
69	24	1631.122006	out/runs/run_20260204_131140/24/rep_24/rep_24.treefile
70	64	1635.199988	out/runs/run_20260204_131140/24/rep_64/rep_64.treefile
71	100	1648.966040	out/runs/run_20260204_131140/24/rep_100/rep_100.treefile
72	111	1671.025134	out/runs/run_20260204_131140/24/rep_111/rep_111.treefile
73	76	1681.518956	out/runs/run_20260204_131140/24/rep_76/rep_76.treefile
74	95	1705.709530	out/runs/run_20260204_131140/24/rep_95/rep_95.treefile
75	163	1706.576690	out/runs/run_20260204_131140/24/rep_163/rep_163.treefile
76	27	1720.093893	out/runs/run_20260204_131140/24/rep_27/rep_27.treefile
77	180	1731.144708	out/runs/run_20260204_131140/24/rep_180/rep_180.treefile
78	14	1733.265127	out/runs/run_20260204_131140/24/rep_14/rep_14.treefile
79	127	1747.809772	out/runs/run_20260204_131140/24/rep_127/rep_127.treefile
80	71	1751.871856	out/runs/run_20260204_131140/24/rep_71/rep_71.treefile
81	160	1757.850676	out/runs/run_20260204_131140/24/rep_160/rep_160.treefile
82	146	1762.861878	out/runs/run_20260204_131140/24/rep_146/rep_146.treefile
83	6	1787.622723	out/runs/run_20260204_131140/24/rep_6/rep_6.treefile
84	135	1789.409400	out/runs/run_20260204_131140/24/rep_135/rep_135.treefile
85	165	1796.373569	out/runs/run_20260204_131140/24/rep_165/rep_165.treefile
86	70	1797.343874	out/runs/run_20260204_131140/24/rep_70/rep_70.treefile
87	8	1799.126733	out/runs/run_20260204_131140/24/rep_8/rep_8.treefile
88	49	1806.900661	out/runs/run_20260204_131140/24/rep_49/rep_49.treefile
89	30	1828.638565	out/runs/run_20260204_131140/24/rep_30/rep_30.treefile
90	18	1836.448475	out/runs/run_20260204_131140/24/rep_18/rep_18.treefile
91	40	1852.174668	out/runs/run_20260204_131140/24/rep_40/rep_40.treefile
92	181	1857.538694	out/runs/run_20260204_131140/24/rep_181/rep_181.treefile
93	177	1862.670395	out/runs/run_20260204_131140/24/rep_177/rep_177.treefile
94	52	1871.190797	out/runs/run_20260204_131140/24/rep_52/rep_52.treefile
95	55	1871.986378	out/runs/run_20260204_131140/24/rep_55/rep_55.treefile
96	153	1873.396114	out/runs/run_20260204_131140/24/rep_153/rep_153.treefile
97	128	1892.493329	out/runs/run_20260204_131140/24/rep_128/rep_128.treefile
98	5	1904.827289	out/runs/run_20260204_131140/24/rep_5/rep_5.treefile
99	141	1906.155817	out/runs/run_20260204_131140/24/rep_141/rep_141.treefile
100	113	1908.271993	out/runs/run_20260204_131140/24/rep_113/rep_113.treefile
101	118	1910.975144	out/runs/run_20260204_131140/24/rep_118/rep_118.treefile
102	12	1915.767470	out/runs/run_20260204_131140/24/rep_12/rep_12.treefile
103	190	1925.991433	out/runs/run_20260204_131140/24/rep_190/rep_190.treefile
104	173	1939.817259	out/runs/run_20260204_131140/24/rep_173/rep_173.treefile
105	136	1944.704862	out/runs/run_20260204_131140/24/rep_136/rep_136.treefile
106	176	1947.399035	out/runs/run_20260204_131140/24/rep_176/rep_176.treefile
107	149	1949.239082	out/runs/run_20260204_131140/24/rep_149/rep_149.treefile
108	62	1960.788872	out/runs/run_20260204_131140/24/rep_62/rep_62.treefile
109	121	1988.691278	out/runs/run_20260204_131140/24/rep_121/rep_121.treefile
110	68	1989.805769	out/runs/run_20260204_131140/24/rep_68/rep_68.treefile
111	147	1990.846805	out/runs/run_20260204_131140/24/rep_147/rep_147.treefile
112	117	1999.646719	out/runs/run_20260204_131140/24/rep_117/rep_117.treefile
113	152	2017.259775	out/runs/run_20260204_131140/24/rep_152/rep_152.treefile
114	34	2023.847820	out/runs/run_20260204_131140/24/rep_34/rep_34.treefile
115	156	2023.998518	out/runs/run_20260204_131140/24/rep_156/rep_156.treefile
116	42	2027.282417	out/runs/run_20260204_131140/24/rep_42/rep_42.treefile
117	29	2040.704290	out/runs/run_20260204_131140/24/rep_29/rep_29.treefile
118	4	2053.570062	out/runs/run_20260204_131140/24/rep_4/rep_4.treefile
119	37	2070.099515	out/runs/run_20260204_131140/24/rep_37/rep_37.treefile
120	155	2079.949038	out/runs/run_20260204_131140/24/rep_155/rep_155.treefile
121	99	2081.134066	out/runs/run_20260204_131140/24/rep_99/rep_99.treefile
122	179	2083.907388	out/runs/run_20260204_131140/24/rep_179/rep_179.treefile
123	11	2086.454888	out/runs/run_20260204_131140/24/rep_11/rep_11.treefile
124	77	2097.046018	out/runs/run_20260204_131140/24/rep_77/rep_77.treefile
125	199	2097.788598	out/runs/run_20260204_131140/24/rep_199/rep_199.treefile
126	85	2111.932764	out/runs/run_20260204_131140/24/rep_85/rep_85.treefile
127	144	2120.052594	out/runs/run_20260204_131140/24/rep_144/rep_144.treefile
128	114	2175.874537	out/runs/run_20260204_131140/24/rep_114/rep_114.treefile
129	94	2176.699796	out/runs/run_20260204_131140/24/rep_94/rep_94.treefile
130	142	2177.887049	out/runs/run_20260204_131140/24/rep_142/rep_142.treefile
131	198	2209.019239	out/runs/run_20260204_131140/24/rep_198/rep_198.treefile
132	178	2218.009468	out/runs/run_20260204_131140/24/rep_178/rep_178.treefile
133	10	2228.611451	out/runs/run_20260204_131140/24/rep_10/rep_10.treefile
134	137	2267.916224	out/runs/run_20260204_131140/24/rep_137/rep_137.treefile
135	84	2278.958315	out/runs/run_20260204_131140/24/rep_84/rep_84.treefile
136	35	2287.678955	out/runs/run_20260204_131140/24/rep_35/rep_35.treefile
137	108	2300.003913	out/runs/run_20260204_131140/24/rep_108/rep_108.treefile
138	1	2332.625131	out/runs/run_20260204_131140/24/rep_1/rep_1.treefile
139	81	2347.798543	out/runs/run_20260204_131140/24/rep_81/rep_81.treefile
140	19	2361.715266	out/runs/run_20260204_131140/24/rep_19/rep_19.treefile
141	174	2362.586718	out/runs/run_20260204_131140/24/rep_174/rep_174.treefile
142	20	2366.796780	out/runs/run_20260204_131140/24/rep_20/rep_20.treefile
143	48	2385.672861	out/runs/run_20260204_131140/24/rep_48/rep_48.treefile
144	143	2403.573381	out/runs/run_20260204_131140/24/rep_143/rep_143.treefile
145	90	2409.807046	out/runs/run_20260204_131140/24/rep_90/rep_90.treefile
146	88	2413.500984	out/runs/run_20260204_131140/24/rep_88/rep_88.treefile
147	65	2434.910676	out/runs/run_20260204_131140/24/rep_65/rep_65.treefile
148	107	2447.561848	out/runs/run_20260204_131140/24/rep_107/rep_107.treefile
149	102	2455.918362	out/runs/run_20260204_131140/24/rep_102/rep_102.treefile
150	67	2468.606489	out/runs/run_20260204_131140/24/rep_67/rep_67.treefile
151	150	2501.305859	out/runs/run_20260204_131140/24/rep_150/rep_150.treefile
152	0	2557.504643	out/runs/run_20260204_131140/24/rep_0/rep_0.treefile
153	193	2572.632698	out/runs/run_20260204_131140/24/rep_193/rep_193.treefile
154	191	2579.384229	out/runs/run_20260204_131140/24/rep_191/rep_191.treefile
155	36	2582.922763	out/runs/run_20260204_131140/24/rep_36/rep_36.treefile
156	86	2605.513769	out/runs/run_20260204_131140/24/rep_86/rep_86.treefile
157	162	2626.286161	out/runs/run_20260204_131140/24/rep_162/rep_162.treefile
158	91	2644.279864	out/runs/run_20260204_131140/24/rep_91/rep_91.treefile
159	44	2661.221148	out/runs/run_20260204_131140/24/rep_44/rep_44.treefile
160	69	2672.367303	out/runs/run_20260204_131140/24/rep_69/rep_69.treefile
161	60	2677.688369	out/runs/run_20260204_131140/24/rep_60/rep_60.treefile
162	109	2692.083951	out/runs/run_20260204_131140/24/rep_109/rep_109.treefile
163	78	2703.014428	out/runs/run_20260204_131140/24/rep_78/rep_78.treefile
164	93	2763.142052	out/runs/run_20260204_131140/24/rep_93/rep_93.treefile
165	46	2770.973656	out/runs/run_20260204_131140/24/rep_46/rep_46.treefile
166	39	2778.704194	out/runs/run_20260204_131140/24/rep_39/rep_39.treefile
167	161	2780.489525	out/runs/run_20260204_131140/24/rep_161/rep_161.treefile
168	74	2810.778362	out/runs/run_20260204_131140/24/rep_74/rep_74.treefile
169	166	2822.699771	out/runs/run_20260204_131140/24/rep_166/rep_166.treefile
170	159	2836.257041	out/runs/run_20260204_131140/24/rep_159/rep_159.treefile
171	83	2842.189473	out/runs/run_20260204_131140/24/rep_83/rep_83.treefile
172	131	2863.554260	out/runs/run_20260204_131140/24/rep_131/rep_131.treefile
173	43	2867.634391	out/runs/run_20260204_131140/24/rep_43/rep_43.treefile
174	192	2913.471297	out/runs/run_20260204_131140/24/rep_192/rep_192.treefile
175	82	2916.145915	out/runs/run_20260204_131140/24/rep_82/rep_82.treefile
176	168	2918.970709	out/runs/run_20260204_131140/24/rep_168/rep_168.treefile
177	124	2943.188577	out/runs/run_20260204_131140/24/rep_124/rep_124.treefile
178	101	2982.330465	out/runs/run_20260204_131140/24/rep_101/rep_101.treefile
179	154	2982.972678	out/runs/run_20260204_131140/24/rep_154/rep_154.treefile
180	57	2986.690978	out/runs/run_20260204_131140/24/rep_57/rep_57.treefile
181	140	2992.422764	out/runs/run_20260204_131140/24/rep_140/rep_140.treefile
182	59	3062.036414	out/runs/run_20260204_131140/24/rep_59/rep_59.treefile
183	58	3151.415872	out/runs/run_20260204_131140/24/rep_58/rep_58.treefile
184	75	3165.307568	out/runs/run_20260204_131140/24/rep_75/rep_75.treefile
185	158	3211.630116	out/runs/run_20260204_131140/24/rep_158/rep_158.treefile
186	105	3260.124537	out/runs/run_20260204_131140/24/rep_105/rep_105.treefile
187	47	3291.013522	out/runs/run_20260204_131140/24/rep_47/rep_47.treefile
188	169	3338.764143	out/runs/run_20260204_131140/24/rep_169/rep_169.treefile
189	172	3433.669175	out/runs/run_20260204_131140/24/rep_172/rep_172.treefile
190	119	3434.860696	out/runs/run_20260204_131140/24/rep_119/rep_119.treefile
191	87	3525.574989	out/runs/run_20260204_131140/24/rep_87/rep_87.treefile
192	164	3527.137933	out/runs/run_20260204_131140/24/rep_164/rep_164.treefile
193	89	3558.525256	out/runs/run_20260204_131140/24/rep_89/rep_89.treefile
194	134	3615.929479	out/runs/run_20260204_131140/24/rep_134/rep_134.treefile
195	31	3621.385094	out/runs/run_20260204_131140/24/rep_31/rep_31.treefile
196	188	3690.801945	out/runs/run_20260204_131140/24/rep_188/rep_188.treefile
197	129	4007.085599	out/runs/run_20260204_131140/24/rep_129/rep_129.treefile
198	157	4017.170646	out/runs/run_20260204_131140/24/rep_157/rep_157.treefile
199	54	4112.159408	out/runs/run_20260204_131140/24/rep_54/rep_54.treefile
